[[-0.32241379  0.01731047]
 [-0.32787356  0.03567422]
 [-0.34137931  0.05108419]
 [-0.33735632  0.06104458]
 [-0.30977011  0.07146292]
 [-0.2612069   0.05486227]
 [-0.21752874  0.03054519]
 [-0.17356322  0.00691503]
 [-0.14655172 -0.00739587]
 [-0.16522989 -0.02601149]
 [-0.21034483 -0.03780368]
 [-0.24741379 -0.03528496]
 [-0.27385057 -0.03526206]
 [-0.29798851 -0.02388203]
 [-0.30574713 -0.00409864]
 [-0.32816092  0.01568475]
 [-0.35114943  0.04636732]
 [-0.09252874 -0.02875919]
 [-0.06436782 -0.01330341]
 [-0.05229885 -0.00739587]
 [-0.04885057  0.01144872]
 [-0.05718391  0.0268816 ]
 [-0.09482759  0.0430014 ]
 [-0.1433908   0.04664209]
 [-0.19166667  0.03029332]
 [-0.23448276  0.01053282]
 [-0.26982759 -0.01582213]
 [-0.06896552  0.05092391]
 [-0.04885057  0.03205642]
 [-0.02586207  0.01046413]
 [ 0.          0.        ]
 [-0.05574713  0.05561789]
 [-0.0566092   0.03585739]
 [-0.05747126  0.02177547]
 [-0.08390805  0.03585739]
 [-0.10775862  0.04176493]
 [-0.10890805  0.00936505]
 [-0.09511494  0.01300575]
 [-0.08994253  0.00732718]
 [-0.10775862  0.02253108]
 [-0.10143678  0.01957731]
 [-0.10373563  0.01412772]
 [-0.14798851  0.0304765 ]
 [-0.16293103  0.02889657]
 [-0.175       0.02889657]
 [-0.2158046   0.0250269 ]
 [-0.18074713  0.03569711]
 [-0.16293103  0.03297232]
 [-0.01178161  0.10940398]
 [-0.01149425  0.08556774]
 [-0.02241379  0.04469581]
 [-0.04597701  0.04719163]
 [-0.07241379  0.04469581]
 [-0.13505747  0.06898999]
 [-0.20689655  0.09578   ]
 [-0.15201149  0.01332631]
 [-0.08649425 -0.02392783]
 [-0.0545977  -0.02143201]
 [-0.02011494 -0.01575344]
 [-0.00890805  0.03535365]
 [-0.01091954  0.10100062]
 [-0.03390805  0.0680741 ]
 [-0.0545977   0.06239553]
 [-0.08936782  0.0653493 ]
 [-0.1933908   0.08737664]
 [-0.08649425 -0.02459185]
 [-0.05172414 -0.03594898]
 [-0.01982759 -0.01914226]]
